3338321610288884171
5430459488125466807
6987126535991277267
18182099448453246336
8872307518496240970
60379202428058085
12512629941373013512
5388706094987404561
16391105105688194587
9179628180375998736
5488643901598476034
15976966883951819187
10606044438235795970
16616486853517167542
13254617668551302361
5771165243178787135
3346284451853869587
4400801227138573352
4126555360295279774
15784195664950148559
15306154793694536343
15677475113144149007
16651289408613667734
9641840671573994816
15132731768619653161
8462191162606119033
1971692431351765464
9573798296364999964
4808877773668251096
9262920257774069511
1849940802550394882
3874728267590939005
12106172690478977236
15052380555849568915
15982272628237466325
3071256391129127765
9068517224159929382
2378527005279057151
4215079099692262317
8347704670069118455
13478684728233836783
10700489887873635064
1817211428873682950
1212760789645518214
10172601154499387944
15866862142953698796
10064888849566820347
17837685891418575379
13541009300997728289
17713463744048328821
4853726249922645552
12105454130079107047
3453943087673825319
5254464352320973457
11453643459877810628
11396108634220187772
15885308572400356019
4960751649333923719
15495489112168755268
11521623563246517458
5170445499910495075
9659058466070042887
17457965326240557452
17643250004508336932
18027945150957926259
17878258119221529431
15236017104716939206
7361590827605075247
11915711878465949607
7461520313651551633
4041583531616953359
7695624662824092870
9763216050280230002
13500214854510659062
15248934185258057134
10451432005593493685
16952273106343107534
15440211152858458513
16019562561345593651
16431779703483187526
11142060308259116064
12466056412924338887
3892216136225339457
17027417419727070475
3614046792624862988
1739394268540099912
9107073367617974409
18299148716653504630
1712419826700197077
3714756516449483683
16142479769159350999
8666002695431195580
2059924601041549840
17352219741267049980
1945727885686492648
2740912969004113852
4963362633502276473
9066338806340462799
13787547166546705577
8677417588433581192
11817461973309637690
5015387498319389144
1006705376467340321
9705479620477276685
10694785603919975190
6404500577945787506
8462790422779165365
164716107586951812
17340213796129665158
1390637863124370161
5091921825087586798
1707170978006394152
5726357704978263933
6658577351875484599
5874557389386865099
1636750436224710470
9448674196088673865
13004889419406357834
9631990317980451121
7925275628550514477
12695281505360866879
10461002002594630010
5846769966439045673
8611246491953552093
10568640040143665426
11345074360378721311
8765694107790223388
14249789454239830022
7518749602848752541
9010581434843593554
11745479642009388197
9184807516934399703
8463687571742271981
11228648621670779860
5858782252682000775
1656541993825905307
1306801889205431660
6354058995887723686
18105231460049594226
14279483620323645970
14590207952578221327
9802486884608599673
6237429143637041628
85103814609199231
6689203528032423471
11647092489005338510
4611047032388618815
3490778033135520622
7574818098458506978
7696528100213331254
7021190956610677750
7466759971727475836
1486429483789472131
3352445348557004350
9504314824528843270
2077589999785407675
7292944066957914431
149502835632961477
5503037743587376740
6016363953564613580
9061243020352421624
9863783084415024202
18243492579617536737
7918673824443372873
1383113679546136539
14191641299002610331
1824963428664692230
13351094313600104356
659941604962070153
14232333426227227937
3356387062192681997
8156181764380025089
2515692971619056045
1525250941904640147
5011852332184329685
16500513421186592180
1668524314326089684
4931730018034124442
7288448976273831875
12056030575049798689
6825480555162214781
15921055090276472396
9774853702324868091
4904267321574555709
13323912984159155404
5156644256147375185
8271002168928591343
5207754852524680781
15363920121428482846
5331953419432011236
13989676642057168410
3333289683113724438
8530228893397593433
1203385071391006566
2376912528125451795
7686324159581130621
1362250531429972758
8085189380901166374
15007508573801376956
11227660199725192468
14708466784567506523
8041547494293590560
8819874515503138168
16931556230247548433
3229219781130849043
1468141639060693683
4986401834860016712
5131681440063917480
3851378563557774141
13834953277752648030
1845041664785874415
9498472828379176547
4072494061976132345
3884815012975122530
9526387728219621030
17863489644540445111
8976801957155349734
10026814537937469727
7000887423026463832
1168706684142193705
15779422565912016927
7860381984535471514
10713512858944604382
3569391795765500014
17028746519630972395
16676836956265489632
14394982994469415611
15718037548251549901
18339515564632185381
74581515561786338
3011341402492225761
15169864137970064947
10441151980737751210
16749576818151842172
7894154701365269260
393340179274828782
6529202744084403698
15480755133220072971
16129956574571690940
5478651350932867357
10437336152621809373
16683452961677806910
3886584271363837407
4674479859889493287
16007515672732985015
5289562418889824048
11944768797022895646
14209132482533926650
7832237018347169580
4978236927968337017
16803153638499421239
14275061596159607660
5381631868610382821
15308842844160177534
12203583179633396319
11460270325715494171
15820728600847750394
12722997181551034974
2073647102250109195
13100979545886178689
7021578890480541959
5334086447052485977
9269864313509538306
15303000741627284045
8655173850517724737
764645377549758747
5724994892637942774
16661852093364914888
9448836736953655671
4778621852454422751
3566164150590543269
15988353294305961936
3445168289201257254
12929052395465393454
17448672476096141072
3013120637972173954
5248685569614512350
12244143310611151600
16988813272048516589
8496019980036372696
16745210500902633778
16985030167529722741
6813792472611433461
3579434688000400749
16727669322682202518
6371068082136954990
8938388713289803015
11635581905213063049
17415478466758426028
13663425174363117818
3764621928446861336
7802798777541762335
6604178372227419959
7742783819076774045
6829560791149299624
17837533476418605437
6389110996834240162
1619333326379605770
7578285516419326947
9248603000357234989
9152198067787006584
3222985579439771536
4889931736384332004
12866406498978681997
14663205142747627535
762365591087649791
16203666952899407024
15158478332774048389
11270150967410407829
14534764339863130326
16263177507919942386
8031234334764531253
4301125711295122225
10520508201221331883
5853085922556463375
4999104786642593461
2545750752449447310
14178176647422961505
7540017520384289514
17985870471371621458
11697572781592798199
13446881375924234572
12637524213603939133
8407604681337992888
5895515342587870583
13047796327067923136
12494971516381632673
1521710669154268115
14794285303154012057
14994085134346435655
17807900524692203136
4794465521593544120
7755242869621862297
18403723279972487711
4214519373982851166
416280468594150526
13418251423066239427
14804534471122247752
8698790638552726659
2571784761428058892
16669985910273600414
11418667666917620374
9395716995573589661
9955781168800568964
12968839618768317227
17532395640971996146
15433704715243862242
5049927060654162414
4603231057659422262
5157719273205022179
9117595042803928066
3799367401054410330
6040267090831717059
9187196869507428596
7520965115630346797
17711655587985746617
9258869575342138816
6885318233558321544
287083910000344980
17211361823589957210
2508760978015463478
7474321548834542886
14108489082381193422
12553918042031469456
10230602673979507901
1619397709388997517
1769574069878647014
17235340834760625859
17651174205491829227
11931945511361870558
4541451594567388885
624204501588584971
7011334367585412675
4442935957772390391
12651224570185647697
430167431827694498
14216819570035141002
13349088907653096561
5746838519065956242
11974250053537509952
5864444101577737922
9322803138590011310
15045168696616966011
1202509151197111502
1133331628256288124
14283812496431150490
14532863061341215944
16376443515782955058
13010559243017444787
9918989768179307107
10849162411204670804
6564536079132079645
16729902854928016438
10165682840435020146
8167528853679246776
3159022619164342797
13173963610419069813
17597272201429843821
1815464506532790554
2402179741946381676
4179707504479353176
6450086074807511799
11227037761749118825
916663996938907796
3856950354384176092
8093474344035926591
9261842831142517288
992696334092625460
16154277738789753596
892881189285321314
15866459182809361940
15063601918743543317
15261170972951907012
8991856638365461679
4361726486490647589
7687647931318830523
8366493488309537677
1559446006166420683
2305149927163089018
15534176985026943135
6309790240513733314
4467896328208536775
17838229930379698581
12958226464261316640
6623115463675997678
13031900252111905464
10129615192221137834
6201235277770243515
435169409195887663
833857187917408305
13764776956757555375
4386700448505504578
15164754367830274942
311634119242208224
16327719193267740248
14460087880483212384
11243712705625744515
14661007556712354550
801619768479358448
2636182613366014135
2606655894352038656
13049812022830993955
8735031602419947202
16367735769984204066
11180496388169705802
4342040413223420723
18269790957313648168
14111642360745047404
11752894022007755729
3501632893601013372
15009515698367942052
9413952076087734900
9474742859165634197
2933551835138976219
5278804924358531773
12089519682610431245
6908917412467456929
16703868646671462376
5417661729954954195
7710412852091505586
6665018134929175581
14178708777443315705
10490511008429559270
675807466809402333
8169059025438964268
9971660409634962918
11063946691579995766
8778904075315805934
2743051840779659391
14774125205320084004
12147160800353154915
14617635020185696535
14109327426488967957
5568142953507780720
10639445785099664786
18073177449012958600
3823193205883795863
5885978850519639083
14681968814555568175
2064353107287631700
9391451718137419675
12336429734397405296
15622352903528689564
12108140117661256760
6752880062253203019
1012643132460419065
11253909078357744166
3458997040210359756
11482505713040561587
5776919227553740468
7454757664751967633
9185363287264349415
7018297947407615295
7066581451983321666
13643500374357873039
14242334262084638502
17676063137527711336
5176522947441847412
11051941678284091555
9113059159165919900
13007240934459617371
431225484667296736
1777106972202433592
16510369348599967428
3794978535099819102
6970057831649957080
6039632725328410661
4508720695266141378
7802616848983628902
9684665114592252469
8259964998054739479
11778250354978309507
7508330767577642839
11242540709942467810
1564053961088917542
17633618121015414537
18126371994406801379
2625884451397320096
14405993819368093469
6751918023352513073
7029629993040388348
7400613233341283570
11747243952363716374
17370238743531357393
16258012125734685725
1066563767308539806
15584767558342128254
14487420227701702497
10405289389954095065
7032494829495062394
5290381598256815623
15100983443629458794
3958075190180571723
14554931376308463405
1763080278009565336
12853924082907748617
16183734410648694926
4488213585044103906
11336466461740053123
10926870871935113497
11554843178683984209
18296706349401235715
17764294427263741434
13616887468747689887
6723058283973606912
13261237555023310927
3394600706935852923
5693025305163767450
14454649654636858090
1519967927332423881
14109766910827135511
3536422456985333725
9547925459549657837
6632663191499620153
1407124606870707495
6584314983926829765
16879435860180075148
16761216953977096789
3200107619108773544
6570686746801458859
1013274262618205239
9842239682692374963
2600104949239590088
16034605948644327667
2986899471107531716
3538438754483665950
13353279685927795819
6718215430189420780
11098850121147001402
7483829936655196245
12320544077316561365
12350761399094253074
10628046973563690492
10159909731648178620
4924779794564544654
10560843270344679414
3220026065936589747
4562425556897798303
9225781533093530978
7942692712777552118
9043483312342934282
789175103512467448
17949086250021396575
17369636193836271518
5683276109129562896
18236903153363576661
6217103441260499824
5635033498274318593
8343846934932053325
13400931473880139396
17182155190945406701
16861243938976443434
2878047654608553306
8231303203696192796
1539380936671418720
172326691461643639
6159556641291307883
6498198368717629039
11792502939186896967
14700022419230466462
8765826133500787562
14245612732054059701
2345127049144878329
10573561548932944701
4770138452400976150
5745076739199560374
4430679067381995265
9871113425682422836
15175079850724296381
3008090745464888744
14191488207971560116
17481790771937237766
6184072459895201516
5504682114181173028
11783237927366059754
11558522478051020202
3778785258757436841
11046512037980195202
13246039740719200015
199918495988118939
10510708444615335903
11160235737869396784
17380533290635761014
7589257791980552795
532641100445877951
3916614701585079946
3582583084960933187
11356112564209118654
16823404220468004649
13501633017999203401
4443596614521341405
13252635417008415438
13115672403145161004
1219049186164867928
11513561726804132384
4321039539417224244
1210177877232242108
7128070542730828440
3936289615905688325
12402988583126102638
9225851000570169287
13943787810240671484
6156399277650587671
5895083570435896247
2589810564690828456
7565229065798016707
12096515031401573641
13666548087014022145
8471947793537457037
711928777248216657
6089062234060126283
7104072178375213349
16077193990986748343
11195633740646047847
7571460666689830038
939424164943083862
11306518520187699747
11019957455520472752
4048368712774081784
16876157793545669461
6719529339208719831
1694275745554247242
9170261250247351521
4834051020703941428
16989268686096356790
7543705445166620987
5088332184687808329
1095726942829630813
17996467768624497883
13584158290492571749
14760085987526045466
17657852384914735546
18399370419040351659
12217501401400566640
11010485670380703567
6598744993609155189
6301922296324986339
5910383422508118696
11018531741264860270
2065900873309045324
17781480013571643360
13962594329113474144
12784358890551033349
11048723934461500531
8352134160960445083
17747159903132931040
15040237631531912697
1924907072108638843
8005578289518677217
11161154110516403599
13648002265327014698
11501670940671626140
5161088879382001452
2007087602018210852
222635330795523710
818741215354231452
9182101362375964566
9231497290740604992
17590671218648837779
7549752063438799161
16845468796412884200
14885164086418092687
13092287322747344274
17699205502144350675
9078241186661700540
3837973103910081519
3902117701460021047
9554536392508651626
10521025900579869462
6451098759970010535
1690307968668945833
17713539435210233980
17164156236126044499
16704894580164655089
5587939189720263660
7447321859896815977
10508158443684094149
902741938206751655
1677053774346762601
10316071305995539152
7486518324085056716
11791992670209754528
15051072392639490564
6879361566860001438
17418451630129323591
13167515614035587123
9011640684600434752
9604357939229598659
97097359153847668
17225658936615839393
1847643258219723545
4772094648910219746
4454702062796330728
7161401585468811377
14196414177743954650
5915361400927672017
12432191738211762106
4499795177144109538
7161661435665204211
7191734829829794689
17767336218913097703
990542069057090229
4655158362838096626
12333499140153462615
2885424655130543056
12189965866461603461
10451682383337773099
5742688759407284330
6533161021824283044
4489250911744392992
2480203904710776440
16977151984305114459
12721490198362986311
9843208688266675662
4329443842983985991
15616602987405683233
16556129252379792032
7718084961890788115
2386492978025480824
8472095395657988941
5329265339076787858
9672816807684145086
9803408002061785175
6462044158377142550
6689767531281884347
4235166793791284673
3050171866238549257
11410439586799901983
74478227354661166
2820386596226838957
12924458530768630256
15163243371322491795
11361785032487041049
9787291206356871397
7866184683614553346
12475328659809431672
9496079550314575304
13674079281566028066
711940070180703051
5974208576518014624
16521913496755961207
1574905400422846665
17282322506497569344
7294690669907319698
14141699004364329839
7948888553949374389
11682861970808400901
11825142059871002805
17843613998574605392
6386119990555872509
1876940310514175059
3823116272729965511
13992452012522326180
1598944950842016551
14493414560466356410
12021203263138468002
9945938126786026751
5181317834858279277
16037385830096875439
15126617441712885002
2728812248725597245
8646066456839275712
812145200061646859
5168410000259445329
9423758612358238300
8106205846596316794
1713960217941373301
17234433186841216574
6276817982354417934
9307601131980526429
16567241060794297178
9769735238426569423
4117528539980690489
16934340278896128207
10326636060952397780
16626627467389283905
2677748394577950395
16912080684279997446
15734869943742400973
4582786947866451666
5306725293174467272
14373867136048155519
17468097981130866520
9607742362226225396
4014295690793104234
2277234281556794410
16516096172235640804
17456845985132245310
10644023263533076777
15026059862728354927
16968554729606724930
7824367499259311931
11459774878316272630
16991685469414999071
11904842519564594912
16885915694864566076
14803831135508514404
5829761862728308965
1088322370488625491
18114471398124655686
4360087861026439420
14620222682366891429
18415135577483949397
5982921945060820789
10283743563423037955
13200159544218746423
14743244469757101086
9573008794043550755
15069471702233191016
16983816986057476542
15416226315875459248
6599942356596112092
2761119764324820648
10777204745943755793
2813120631911672550
12863806526026211773
4071521639313400980
4191972996714038123
1604005814408265598
3121473423734312162
16670882173844519945
1370962374476736428
14767155278297699543
11170238233594489144
8430356464761342773
11524766400759672706
2503050788877101079
11335804095274179266
14185840324438486598
12897313321743924898
280671317081200603
15249986977453503120
7577218742773953022
17092415516654987123
15416740672565058460
6399971528751210888
2167722028951408138
3696076595314519718
6083073162418849794
5930238220357309824
2458463717980657617
16936026873783638473
8664779546215373919
11904660471520304509
7151936954766017248
13256652175678164036
7016745732305499517
5732947458817084460
2531481749042225437
17725401776451626153
4391713620952864372
10244234287730964340
17448537871657784047
9599097901404209083
3764300287975248218
7458906722404247502
2239609847409905079
10057076315208170318
8258427568283693661
3318438645536330277
2455200495846403119
2405455981691552920
10588107024715451070
10692737223082010458
3799968466135095359
17876204609512168313
10679696408428166053
11078543432886911784
12600866894317360031
2518932905572545036
16566304347950859844
9384920029792024520
14038984657190597662
3125659672664642659
4563207304785889625
3509025047278248224
5746973178014877411
15487082554018819691
3144220904727104920
16806647821121096177
10618435620179756052
13523286212079619872
7507994000962362962
11035487057389916866
11174579348443015077
5145259422353064855
16113630198721924333
9344274482814612389
6146087833537366936
11859428564826141994
3217512948649616893
8910931129381026185
6353974680033110862
1829162364337352206
11745103840944070290
13406827353277827235
9205821439210314112
14054217749447680898
6012280176729851226
6217663788262397747
10585854698889343243
17300757507495999464
17036848158483236963
1800406751465352373
10563384816704742984
15122870306107331847
12868303141332899923
11024339851732501387
13288988619315858016
14075699105024446522
8200768713418021229
18185815713323547367
17533368911937028221
1716900859465477822
4615259411631085735
3210856947391762629
7004833679195689522
9264606716035921098
10315476963647152051
10706212149213396998
12838156774138818394
7615313819231690732
11049446536814423954
553087525221678414
104586161349044732
2264068977824577594
13364761225116067527
4933880892391364750
5467796677967079527
14393021812924550254
12586944143010969213
6242704060020878054
1203700826124595715
9214048832946002383
16181090859851990814
8658276937145368868
14710738186728045516
15882785699373451828
6567690097780599388
5619350191926158967
17186396443919056732
14163876957281589326
64510152901571510
3521718314537953407
12775625137451360043
4559475756922980871
3020851689686103300
9432085997846526808
15200007078328830360
11914700217818727472
1985038677395744252
427719313494475581
18426561282484043024
3033818560789708802
4548165264325054820
738211634406452308
8102231574662894880
4786532036986232251
8680531962034228875
18324054071356005460
